'''
Author: wang yining
Date: 2025-10-28 02:47:16
LastEditTime: 2025-10-28 20:46:21
FilePath: /wrs_tiaozhanbei/my_project/tiaozhanbei/constants.py
Description: 外参等任务公用信息
e-mail: wangyining0408@outlook.com
'''


import numpy as np


MIDDLE_CAM_C2W = np.array([
    [-0.0037239893567914, -0.6965018468973889, 0.7175453378311718, -0.00395266],
    [-0.9999234289362527, -0.005874577708006739, -0.01089179612392393, -0.27716693000000003],
    [0.011801429016184636, -0.717530954144644, -0.6964266388151822, 0.5094376100000003],
    [0.0, 0.0, 0.0, 1.0]
  ])

LEFT_HAND_EYE = np.array([

    [-0.06882986630842862, 0.935322218300393, 0.3470371540873631, -0.06109518881982929],
    [-0.9974575797038769, -0.07095746357893451, -0.006589435084847506, -0.004634302125341375],
    [0.018461628052671437, -0.34660839753351097, 0.9378282339631908, 0.03970341679422087],
    [0.0, 0.0, 0.0, 1.0]

])

RIGHT_HAND_EYE = np.array([

    [-0.06882986630842862, 0.935322218300393, 0.3470371540873631, -0.06109518881982929],
    [-0.9974575797038769, -0.07095746357893451, -0.006589435084847506, -0.004634302125341375],
    [0.018461628052671437, -0.34660839753351097, 0.9378282339631908, 0.03970341679422087],
    [0.0, 0.0, 0.0, 1.0]

])